01 04 2021 52 30 10 200
01 04 2021 40 20 11 100
01 04 2021 50 40 11 200
01 04 2021 70 45 10 150
01 04 2021 45 55 12 100
01 04 2021 21 40 13 200
01 04 2021 72 30 14 200
01 04 2021 78 25 15 135
01 04 2021 99 35 16 120
01 04 2021 74 25 10 200
01 04 2021 32 20 11 145
01 04 2021 90 40 12 200
01 04 2021 71 30 13 400
01 04 2021 36 20 14 500
01 04 2021 48 45 15 400
01 04 2021 76 30 18 450
01 04 2021 80 70 15 300
01 04 2021 2 40 17 200
01 04 2021 88 90 20 350
01 04 2021 66 20 18 300
01 04 2021 91 40 19 400
01 04 2021 16 20 15 250
01 04 2021 37 75 20 600
01 04 2021 100 80 15 470
02 04 2021 104 30 13 211
02 04 2021 364 15 11 101
02 04 2021 3 56 11 118
02 04 2021 75 35 15 160
02 04 2021 43 30 15 150
02 04 2021 55 44 16 250
02 04 2021 40 35 20 150
02 04 2021 80 30 20 155
02 04 2021 96 45 17 128
02 04 2021 73 29 16 215
02 04 2021 47 21 19 147
02 04 2021 56 50 13 245
02 04 2021 80 36 17 450
02 04 2021 40 27 16 500
02 04 2021 49 46 17 420
02 04 2021 76 37 20 450
02 04 2021 88 60 19 350
02 04 2021 57 45 30 250
02 04 2021 78 75 27 357
02 04 2021 76 28 38 350
02 04 2021 55 35 20 400
02 04 2021 45 25 20 300
02 04 2021 88 50 25 500
02 04 2021 99 87 16 475
03 04 2021 55 35 15 300
03 04 2021 45 30 21 150
03 04 2021 50 30 17 250
03 04 2021 75 55 15 200
03 04 2021 55 45 13 125
03 04 2021 40 50 17 225
03 04 2021 55 40 15 200
03 04 2021 88 45 20 145
03 04 2021 99 55 26 125
03 04 2021 80 30 15 250
03 04 2021 50 30 17 155
03 04 2021 55 45 17 220
03 04 2021 50 40 15 450
03 04 2021 50 30 17 550
03 04 2021 88 55 25 455
03 04 2021 76 40 28 455
03 04 2021 70 40 25 350
03 04 2021 70 50 27 250
03 04 2021 98 80 10 450
03 04 2021 76 25 15 350
03 04 2021 55 45 20 400
03 04 2021 45 25 20 250
03 04 2021 88 65 30 650
03 04 2021 79 70 17 400
04 04 2021 55 40 15 250
04 04 2021 45 25 15 150
04 04 2021 50 30 17 225
04 04 2021 70 55 15 140
04 04 2021 55 57 16 150
04 04 2021 50 30 23 250
04 04 2021 60 40 17 220
04 04 2021 78 35 25 155
04 04 2021 98 45 15 125
04 04 2021 75 35 15 250
04 04 2021 45 25 13 155
04 04 2021 60 40 15 220
04 04 2021 70 40 15 450
04 04 2021 40 25 17 400
04 04 2021 50 45 25 450
04 04 2021 74 35 28 350
04 04 2021 80 60 25 350
04 04 2021 60 45 20 250
04 04 2021 98 80 25 450
04 04 2021 56 20 19 350
04 04 2021 50 45 20 450
04 04 2021 45 30 15 250
04 04 2021 88 76 25 650
04 04 2021 99 70 19 470
05 04 2021 60 35 20 250
05 04 2021 45 20 15 150
05 04 2021 60 50 15 250
05 04 2021 75 55 20 155
05 04 2021 55 45 15 125
05 04 2021 50 45 17 220
05 04 2021 55 30 24 250
05 04 2021 88 35 25 145
05 04 2021 99 45 26 125
05 04 2021 74 35 15 250
05 04 2021 45 20 17 145
05 04 2021 50 30 22 200
05 04 2021 50 35 13 450
05 04 2021 45 26 15 550
05 04 2021 58 35 15 450
05 04 2021 75 35 28 450
05 04 2021 88 70 25 350
05 04 2021 55 40 27 250
05 04 2021 88 90 10 350
05 04 2021 76 25 18 350
05 04 2021 50 45 20 450
05 04 2021 40 30 25 250
05 04 2021 88 76 30 600
05 04 2021 99 85 25 470
06 04 2021 60 35 15 250
06 04 2021 45 25 11 150
06 04 2021 55 40 15 250
06 04 2021 70 55 15 160
06 04 2021 45 55 15 150
06 04 2021 50 45 13 250
06 04 2021 50 35 17 250
06 04 2021 75 35 15 145
06 04 2021 99 35 18 125
06 04 2021 74 35 10 250
06 04 2021 45 20 15 145
06 04 2021 50 40 13 250
06 04 2021 50 35 15 450
06 04 2021 45 20 14 400
06 04 2021 58 35 15 500
06 04 2021 75 35 28 450
06 04 2021 85 70 20 350
06 04 2021 50 30 27 250
06 04 2021 88 95 25 300
06 04 2021 66 25 18 350
06 04 2021 50 45 29 400
06 04 2021 45 25 15 200
06 04 2021 98 75 25 600
06 04 2021 99 85 25 470
07 04 2021 60 35 15 250
07 04 2021 40 25 15 150
07 04 2021 50 45 15 200
07 04 2021 70 35 15 150
07 04 2021 45 35 16 120
07 04 2021 50 45 13 260
07 04 2021 55 35 24 250
07 04 2021 78 25 20 145
07 04 2021 99 35 26 125
07 04 2021 74 35 15 200
07 04 2021 40 30 11 155
07 04 2021 50 46 12 250
07 04 2021 40 30 13 420
07 04 2021 40 10 14 550
07 04 2021 48 35 15 300
07 04 2021 74 32 28 455
07 04 2021 80 75 25 350
07 04 2021 55 30 27 200
07 04 2021 88 80 25 350
07 04 2021 66 30 28 300
07 04 2021 50 45 19 420
07 04 2021 40 22 17 250
07 04 2021 98 75 25 650
07 04 2021 99 80 15 470
08 04 2021 50 30 15 200
08 04 2021 45 30 18 100
08 04 2021 50 45 15 250
08 04 2021 70 55 20 150
08 04 2021 65 45 22 150
08 04 2021 55 40 13 250
08 04 2021 50 35 14 220
08 04 2021 88 35 25 135
08 04 2021 99 35 16 125
08 04 2021 75 25 14 220
08 04 2021 45 25 11 145
08 04 2021 50 42 12 250
08 04 2021 55 30 17 420
08 04 2021 45 20 14 550
08 04 2021 58 45 25 400
08 04 2021 84 30 28 450
08 04 2021 80 60 25 350
08 04 2021 50 45 17 220
08 04 2021 98 90 25 350
08 04 2021 65 20 14 300
08 04 2021 50 45 19 410
08 04 2021 40 25 15 270
08 04 2021 98 75 30 650
08 04 2021 99 85 25 470
09 04 2021 55 35 10 200
09 04 2021 40 20 17 150
09 04 2021 50 40 11 220
09 04 2021 75 35 10 155
09 04 2021 65 55 15 120
09 04 2021 55 40 15 220
09 04 2021 50 35 17 250
09 04 2021 78 45 15 125
09 04 2021 99 35 26 130
09 04 2021 76 25 15 250
09 04 2021 47 22 11 145
09 04 2021 50 30 12 250
09 04 2021 50 35 13 420
09 04 2021 40 25 14 550
09 04 2021 58 45 25 420
09 04 2021 74 30 28 420
09 04 2021 87 75 15 350
09 04 2021 50 43 18 210
09 04 2021 88 95 27 355
09 04 2021 76 25 18 320
09 04 2021 50 45 19 450
09 04 2021 40 30 15 220
09 04 2021 98 85 20 620
09 04 2021 99 85 15 475
10 04 2021 50 30 15 220
10 04 2021 40 25 11 120
10 04 2021 50 45 11 270
10 04 2021 60 45 10 170
10 04 2021 35 65 12 130
10 04 2021 50 45 23 220
10 04 2021 50 30 17 220
10 04 2021 88 35 25 135
10 04 2021 99 55 16 125
10 04 2021 74 25 10 200
10 04 2021 40 25 11 145
10 04 2021 55 40 17 250
10 04 2021 57 35 17 420
10 04 2021 45 25 14 500
10 04 2021 48 45 25 430
10 04 2021 74 32 18 450
10 04 2021 80 70 25 350
10 04 2021 50 45 27 250
10 04 2021 98 95 20 320
10 04 2021 66 25 18 350
10 04 2021 55 43 19 420
10 04 2021 40 25 15 270
10 04 2021 98 75 30 650
10 04 2021 99 80 35 450
11 04 2021 53 35 10 220
11 04 2021 45 25 11 120
11 04 2021 50 42 15 210
11 04 2021 70 35 15 140
11 04 2021 45 35 17 120
11 04 2021 50 35 14 250
11 04 2021 79 25 17 125
11 04 2021 99 45 18 125
11 04 2021 74 35 17 260
11 04 2021 50 30 11 145
11 04 2021 55 45 12 220
11 04 2021 55 32 15 450
11 04 2021 47 25 14 520
11 04 2021 58 45 15 470
11 04 2021 74 35 28 450
11 04 2021 80 75 25 300
11 04 2021 55 40 17 220
11 04 2021 88 80 25 370
11 04 2021 66 25 15 200
11 04 2021 53 45 19 300
11 04 2021 45 22 15 350
11 04 2021 98 85 25 500
11 04 2021 99 75 10 470
12 04 2021 55 30 15 220
12 04 2021 45 20 18 120
12 04 2021 50 45 17 220
12 04 2021 70 45 20 150
12 04 2021 45 35 15 100
12 04 2021 55 40 23 250
12 04 2021 50 40 24 210
12 04 2021 78 35 15 155
12 04 2021 99 45 16 125
12 04 2021 74 25 15 220
12 04 2021 40 25 11 145
12 04 2021 50 45 13 210
12 04 2021 55 30 17 420
12 04 2021 40 25 14 550
12 04 2021 48 35 15 420
12 04 2021 74 20 19 550
12 04 2021 88 73 15 320
12 04 2021 50 47 17 250
12 04 2021 88 95 21 370
12 04 2021 66 25 18 320
12 04 2021 50 35 19 420
12 04 2021 45 25 10 250
12 04 2021 99 76 20 610
12 04 2021 99 70 25 570
13 04 2021 53 30 15 250
13 04 2021 50 25 15 110
13 04 2021 50 40 17 220
13 04 2021 70 55 15 150
13 04 2021 55 65 17 150
13 04 2021 60 50 13 220
13 04 2021 50 35 17 210
13 04 2021 78 35 15 145
13 04 2021 99 35 16 150
13 04 2021 74 25 15 210
13 04 2021 45 20 11 155
13 04 2021 55 40 15 210
13 04 2021 50 20 33 450
13 04 2021 45 22 14 450
13 04 2021 48 43 25 420
13 04 2021 74 50 18 430
13 04 2021 80 73 15 350
13 04 2021 50 45 17 220
13 04 2021 88 90 30 350
13 04 2021 66 25 18 320
13 04 2021 50 42 19 450
13 04 2021 45 20 15 350
13 04 2021 98 85 20 650
13 04 2021 99 82 19 460
14 04 2021 50 30 20 220
14 04 2021 40 25 11 110
14 04 2021 50 45 11 220
14 04 2021 70 40 10 160
14 04 2021 65 50 12 110
14 04 2021 50 45 17 220
14 04 2021 60 35 14 220
14 04 2021 78 25 15 165
14 04 2021 99 45 16 120
14 04 2021 74 25 15 200
14 04 2021 40 25 15 145
14 04 2021 50 45 17 210
14 04 2021 55 20 12 410
14 04 2021 45 20 15 520
14 04 2021 48 55 25 410
14 04 2021 74 30 28 450
14 04 2021 85 70 15 350
14 04 2021 55 40 17 220
14 04 2021 88 97 20 350
14 04 2021 66 27 18 320
14 04 2021 50 47 19 450
14 04 2021 40 25 15 350
14 04 2021 98 75 20 620
14 04 2021 99 90 17 470
15 04 2021 50 20 15 220
15 04 2021 40 20 11 150
15 04 2021 50 45 21 250
15 04 2021 70 55 15 150
15 04 2021 45 55 17 120
15 04 2021 50 45 16 250
15 04 2021 50 40 14 260
15 04 2021 78 35 25 155
15 04 2021 99 35 16 190
15 04 2021 74 25 20 250
15 04 2021 40 20 17 145
15 04 2021 50 45 15 220
15 04 2021 50 32 13 450
15 04 2021 46 25 14 520
15 04 2021 48 35 15 400
15 04 2021 74 35 25 410
15 04 2021 80 75 15 320
15 04 2021 50 30 27 210
15 04 2021 88 92 20 450
15 04 2021 66 30 28 350
15 04 2021 50 40 19 420
15 04 2021 40 22 15 350
15 04 2021 98 75 23 650
15 04 2021 99 85 25 410
16 04 2021 50 35 10 220
16 04 2021 40 25 11 150
16 04 2021 60 40 11 210
16 04 2021 70 55 12 150
16 04 2021 45 55 10 110
16 04 2021 55 30 13 200
16 04 2021 50 35 17 200
16 04 2021 78 35 15 145
16 04 2021 99 45 18 110
16 04 2021 74 35 10 210
16 04 2021 40 30 21 145
16 04 2021 55 40 12 210
16 04 2021 50 35 17 420
16 04 2021 40 25 14 520
16 04 2021 58 45 15 410
16 04 2021 75 35 28 450
16 04 2021 90 80 15 310
16 04 2021 50 45 17 250
16 04 2021 98 90 28 340
16 04 2021 66 25 18 320
16 04 2021 60 45 19 500
16 04 2021 40 30 16 250
16 04 2021 98 70 20 500
16 04 2021 99 80 25 470
17 04 2021 50 35 10 210
17 04 2021 40 20 11 120
17 04 2021 55 40 11 210
17 04 2021 73 45 20 170
17 04 2021 45 50 15 120
17 04 2021 50 45 13 250
17 04 2021 56 36 17 230
17 04 2021 78 35 25 145
17 04 2021 99 45 15 130
17 04 2021 74 25 18 220
17 04 2021 43 25 17 155
17 04 2021 50 35 17 250
17 04 2021 55 45 13 410
17 04 2021 45 25 17 520
17 04 2021 48 45 25 410
17 04 2021 73 35 28 550
17 04 2021 80 75 18 310
17 04 2021 50 30 27 220
17 04 2021 88 95 20 370
17 04 2021 66 27 28 330
17 04 2021 50 45 19 300
17 04 2021 43 25 15 270
17 04 2021 98 75 25 650
17 04 2021 99 80 25 570
18 04 2021 55 30 10 210
18 04 2021 40 23 15 100
18 04 2021 50 40 21 220
18 04 2021 73 45 15 170
18 04 2021 45 56 13 120
18 04 2021 50 45 13 230
18 04 2021 56 30 17 210
18 04 2021 78 20 15 145
18 04 2021 99 37 19 125
18 04 2021 75 20 10 210
18 04 2021 40 25 11 155
18 04 2021 50 45 12 220
18 04 2021 55 30 23 470
18 04 2021 40 25 15 520
18 04 2021 48 57 15 420
18 04 2021 74 32 19 550
18 04 2021 89 70 25 320
18 04 2021 50 45 27 220
18 04 2021 88 95 25 370
18 04 2021 66 25 15 310
18 04 2021 50 45 29 450
18 04 2021 50 25 35 270
18 04 2021 98 85 20 650
18 04 2021 99 70 25 470
19 04 2021 50 30 15 250
19 04 2021 40 20 11 120
19 04 2021 50 45 10 220
19 04 2021 70 55 10 180
19 04 2021 55 58 15 120
19 04 2021 50 30 13 250
19 04 2021 55 37 15 210
19 04 2021 78 35 15 145
19 04 2021 99 45 16 130
19 04 2021 76 25 20 250
19 04 2021 50 20 15 155
19 04 2021 50 45 12 220
19 04 2021 98 35 13 410
19 04 2021 45 20 14 520
19 04 2021 58 45 25 410
19 04 2021 74 30 19 470
19 04 2021 80 75 15 450
19 04 2021 50 42 17 300
19 04 2021 88 80 10 250
19 04 2021 66 30 18 360
19 04 2021 50 45 18 410
19 04 2021 50 20 15 200
19 04 2021 98 85 20 610
19 04 2021 99 85 15 480
20 04 2021 50 40 20 210
20 04 2021 40 30 11 120
20 04 2021 60 50 11 210
20 04 2021 80 45 20 170
20 04 2021 45 65 12 200
20 04 2021 50 40 17 100
20 04 2021 55 35 14 210
20 04 2021 78 35 25 155
20 04 2021 98 30 16 124
20 04 2021 76 35 15 210
20 04 2021 45 20 18 135
20 04 2021 50 30 15 210
20 04 2021 55 30 23 410
20 04 2021 45 21 14 550
20 04 2021 48 40 15 200
20 04 2021 74 40 18 420
20 04 2021 80 70 25 320
20 04 2021 55 40 27 220
20 04 2021 88 91 24 350
20 04 2021 66 26 18 315
20 04 2021 50 47 19 410
20 04 2021 40 25 10 250
20 04 2021 98 70 20 620
20 04 2021 99 70 15 480
